0.000000000000e+00	0.000000000000e+00	0.000000000000e+00	-0.000000000000e+00	1.000000000000e+00	0.000000000000e+00	0.000000000000e+00	0.000000000000e+00	0.000000000000e+00	0.000000000000e+00	0.000000000000e+00	0.000000000000e+00	0.000000000000e+00	0.000000000000e+00
1.000000000000e-01	3.266888592804e-02	6.622311026502e-03	-2.000000000000e-01	1.000000000000e+00	0.000000000000e+00	0.000000000000e+00	0.000000000000e+00	0.000000000000e+00	0.000000000000e+00	0.000000000000e+00	0.000000000000e+00	0.000000000000e+00	0.000000000000e+00
2.000000000000e-01	6.140406626686e-02	2.596122282058e-02	-4.000000000000e-01	1.000000000000e+00	0.000000000000e+00	0.000000000000e+00	0.000000000000e+00	0.000000000000e+00	0.000000000000e+00	0.000000000000e+00	0.000000000000e+00	0.000000000000e+00	0.000000000000e+00
3.000000000000e-01	8.253356149097e-02	5.646424733950e-02	-6.000000000000e-01	1.000000000000e+00	0.000000000000e+00	0.000000000000e+00	0.000000000000e+00	0.000000000000e+00	0.000000000000e+00	0.000000000000e+00	0.000000000000e+00	0.000000000000e+00	0.000000000000e+00
4.000000000000e-01	9.289422791296e-02	9.564747878660e-02	-8.000000000000e-01	1.000000000000e+00	0.000000000000e+00	0.000000000000e+00	0.000000000000e+00	0.000000000000e+00	0.000000000000e+00	0.000000000000e+00	0.000000000000e+00	0.000000000000e+00	0.000000000000e+00
5.000000000000e-01	9.005038431136e-02	1.402451641346e-01	-1.000000000000e+00	1.000000000000e+00	0.000000000000e+00	0.000000000000e+00	0.000000000000e+00	0.000000000000e+00	0.000000000000e+00	0.000000000000e+00	0.000000000000e+00	0.000000000000e+00	0.000000000000e+00
6.000000000000e-01	7.247155089533e-02	1.864078171934e-01	-1.200000000000e+00	1.000000000000e+00	0.000000000000e+00	0.000000000000e+00	0.000000000000e+00	0.000000000000e+00	0.000000000000e+00	0.000000000000e+00	0.000000000000e+00	0.000000000000e+00	0.000000000000e+00
7.000000000000e-01	3.965900001006e-02	2.299382703306e-01	-1.400000000000e+00	1.000000000000e+00	0.000000000000e+00	0.000000000000e+00	0.000000000000e+00	0.000000000000e+00	0.000000000000e+00	0.000000000000e+00	0.000000000000e+00	0.000000000000e+00	0.000000000000e+00
8.000000000000e-01	-7.786539280344e-03	2.665529608111e-01	-1.600000000000e+00	1.000000000000e+00	0.000000000000e+00	0.000000000000e+00	0.000000000000e+00	0.000000000000e+00	0.000000000000e+00	0.000000000000e+00	0.000000000000e+00	0.000000000000e+00	0.000000000000e+00
9.000000000000e-01	-6.816062840793e-02	2.921542892635e-01	-1.800000000000e+00	1.000000000000e+00	0.000000000000e+00	0.000000000000e+00	0.000000000000e+00	0.000000000000e+00	0.000000000000e+00	0.000000000000e+00	0.000000000000e+00	0.000000000000e+00	0.000000000000e+00
1.000000000000e+00	-1.387156121824e-01	3.030991422752e-01	-2.000000000000e+00	1.000000000000e+00	0.000000000000e+00	0.000000000000e+00	0.000000000000e+00	0.000000000000e+00	0.000000000000e+00	0.000000000000e+00	0.000000000000e+00	0.000000000000e+00	0.000000000000e+00
1.100000000000e+00	-2.157837429936e-01	2.964486814005e-01	-2.200000000000e+00	1.000000000000e+00	0.000000000000e+00	0.000000000000e+00	0.000000000000e+00	0.000000000000e+00	0.000000000000e+00	0.000000000000e+00	0.000000000000e+00	0.000000000000e+00	0.000000000000e+00
1.200000000000e+00	-2.949574862165e-01	2.701852722205e-01	-2.400000000000e+00	1.000000000000e+00	0.000000000000e+00	0.000000000000e+00	0.000000000000e+00	0.000000000000e+00	0.000000000000e+00	0.000000000000e+00	0.000000000000e+00	0.000000000000e+00	0.000000000000e+00
1.300000000000e+00	-3.713184597932e-01	2.233839277893e-01	-2.600000000000e+00	1.000000000000e+00	0.000000000000e+00	0.000000000000e+00	0.000000000000e+00	0.000000000000e+00	0.000000000000e+00	0.000000000000e+00	0.000000000000e+00	0.000000000000e+00	0.000000000000e+00
1.400000000000e+00	-4.397037589787e-01	1.563278034061e-01	-2.800000000000e+00	1.000000000000e+00	0.000000000000e+00	0.000000000000e+00	0.000000000000e+00	0.000000000000e+00	0.000000000000e+00	0.000000000000e+00	0.000000000000e+00	0.000000000000e+00	0.000000000000e+00
1.500000000000e+00	-4.949962483002e-01	7.056000402993e-02	-3.000000000000e+00	1.000000000000e+00	0.000000000000e+00	0.000000000000e+00	0.000000000000e+00	0.000000000000e+00	0.000000000000e+00	0.000000000000e+00	0.000000000000e+00	0.000000000000e+00	0.000000000000e+00
1.600000000000e+00	-5.324238804239e-01	-3.113287649471e-02	-3.200000000000e+00	1.000000000000e+00	0.000000000000e+00	0.000000000000e+00	0.000000000000e+00	0.000000000000e+00	0.000000000000e+00	0.000000000000e+00	0.000000000000e+00	0.000000000000e+00	0.000000000000e+00
1.700000000000e+00	-5.478523091284e-01	-1.448066244819e-01	-3.400000000000e+00	1.000000000000e+00	0.000000000000e+00	0.000000000000e+00	0.000000000000e+00	0.000000000000e+00	0.000000000000e+00	0.000000000000e+00	0.000000000000e+00	0.000000000000e+00	0.000000000000e+00
1.800000000000e+00	-5.380550498005e-01	-2.655122659769e-01	-3.600000000000e+00	1.000000000000e+00	0.000000000000e+00	0.000000000000e+00	0.000000000000e+00	0.000000000000e+00	0.000000000000e+00	0.000000000000e+00	0.000000000000e+00	0.000000000000e+00	0.000000000000e+00
1.900000000000e+00	-5.009462175458e-01	-3.875099975971e-01	-3.800000000000e+00	1.000000000000e+00	0.000000000000e+00	0.000000000000e+00	0.000000000000e+00	0.000000000000e+00	0.000000000000e+00	0.000000000000e+00	0.000000000000e+00	0.000000000000e+00	0.000000000000e+00
2.000000000000e+00	-4.357624139091e-01	-5.045349968720e-01	-4.000000000000e+00	1.000000000000e+00	0.000000000000e+00	0.000000000000e+00	0.000000000000e+00	0.000000000000e+00	0.000000000000e+00	0.000000000000e+00	0.000000000000e+00	0.000000000000e+00	0.000000000000e+00
2.100000000000e+00	-3.431825749385e-01	-6.101030406895e-01	-4.200000000000e+00	1.000000000000e+00	0.000000000000e+00	0.000000000000e+00	0.000000000000e+00	0.000000000000e+00	0.000000000000e+00	0.000000000000e+00	0.000000000000e+00	0.000000000000e+00	0.000000000000e+00
2.200000000000e+00	-2.253774379842e-01	-6.978415208523e-01	-4.400000000000e+00	1.000000000000e+00	0.000000000000e+00	0.000000000000e+00	0.000000000000e+00	0.000000000000e+00	0.000000000000e+00	0.000000000000e+00	0.000000000000e+00	0.000000000000e+00	0.000000000000e+00
2.300000000000e+00	-8.598360398354e-02	-7.618297694523e-01	-4.600000000000e+00	1.000000000000e+00	0.000000000000e+00	0.000000000000e+00	0.000000000000e+00	0.000000000000e+00	0.000000000000e+00	0.000000000000e+00	0.000000000000e+00	0.000000000000e+00	0.000000000000e+00
2.400000000000e+00	6.999918675156e-02	-7.969316870687e-01	-4.800000000000e+00	1.000000000000e+00	0.000000000000e+00	0.000000000000e+00	0.000000000000e+00	0.000000000000e+00	0.000000000000e+00	0.000000000000e+00	0.000000000000e+00	0.000000000000e+00	0.000000000000e+00
2.500000000000e+00	2.363851545527e-01	-7.991035622193e-01	-5.000000000000e+00	1.000000000000e+00	0.000000000000e+00	0.000000000000e+00	0.000000000000e+00	0.000000000000e+00	0.000000000000e+00	0.000000000000e+00	0.000000000000e+00	0.000000000000e+00	0.000000000000e+00
2.600000000000e+00	4.060477817937e-01	-7.656607016241e-01	-5.200000000000e+00	1.000000000000e+00	0.000000000000e+00	0.000000000000e+00	0.000000000000e+00	0.000000000000e+00	0.000000000000e+00	0.000000000000e+00	0.000000000000e+00	0.000000000000e+00	0.000000000000e+00
2.700000000000e+00	5.712235883484e-01	-6.954880388004e-01	-5.400000000000e+00	1.000000000000e+00	0.000000000000e+00	0.000000000000e+00	0.000000000000e+00	0.000000000000e+00	0.000000000000e+00	0.000000000000e+00	0.000000000000e+00	0.000000000000e+00	0.000000000000e+00
2.800000000000e+00	7.238614866096e-01	-5.891821953475e-01	-5.600000000000e+00	1.000000000000e+00	0.000000000000e+00	0.000000000000e+00	0.000000000000e+00	0.000000000000e+00	0.000000000000e+00	0.000000000000e+00	0.000000000000e+00	0.000000000000e+00	0.000000000000e+00
2.900000000000e+00	8.560021997099e-01	-4.491154401000e-01	-5.800000000000e+00	1.000000000000e+00	0.000000000000e+00	0.000000000000e+00	0.000000000000e+00	0.000000000000e+00	0.000000000000e+00	0.000000000000e+00	0.000000000000e+00	0.000000000000e+00	0.000000000000e+00
3.000000000000e+00	9.601702866504e-01	-2.794154981989e-01	-6.000000000000e+00	1.000000000000e+00	0.000000000000e+00	0.000000000000e+00	0.000000000000e+00	0.000000000000e+00	0.000000000000e+00	0.000000000000e+00	0.000000000000e+00	0.000000000000e+00	0.000000000000e+00
3.100000000000e+00	1.029760166924e+00	-8.585904957808e-02	-6.200000000000e+00	1.000000000000e+00	0.000000000000e+00	0.000000000000e+00	0.000000000000e+00	0.000000000000e+00	0.000000000000e+00	0.000000000000e+00	0.000000000000e+00	0.000000000000e+00	0.000000000000e+00
3.200000000000e+00	1.059397246675e+00	1.243191518405e-01	-6.400000000000e+00	1.000000000000e+00	0.000000000000e+00	0.000000000000e+00	0.000000000000e+00	0.000000000000e+00	0.000000000000e+00	0.000000000000e+00	0.000000000000e+00	0.000000000000e+00	0.000000000000e+00
3.300000000000e+00	1.045255851154e+00	3.426954998647e-01	-6.600000000000e+00	1.000000000000e+00	0.000000000000e+00	0.000000000000e+00	0.000000000000e+00	0.000000000000e+00	0.000000000000e+00	0.000000000000e+00	0.000000000000e+00	0.000000000000e+00	0.000000000000e+00
3.400000000000e+00	9.853171557298e-01	5.599951312904e-01	-6.800000000000e+00	1.000000000000e+00	0.000000000000e+00	0.000000000000e+00	0.000000000000e+00	0.000000000000e+00	0.000000000000e+00	0.000000000000e+00	0.000000000000e+00	0.000000000000e+00	0.000000000000e+00
3.500000000000e+00	8.795526300672e-01	7.664843651719e-01	-7.000000000000e+00	1.000000000000e+00	0.000000000000e+00	0.000000000000e+00	0.000000000000e+00	0.000000000000e+00	0.000000000000e+00	0.000000000000e+00	0.000000000000e+00	0.000000000000e+00	0.000000000000e+00
3.600000000000e+00	7.300215774387e-01	9.524014366190e-01	-7.200000000000e+00	1.000000000000e+00	0.000000000000e+00	0.000000000000e+00	0.000000000000e+00	0.000000000000e+00	0.000000000000e+00	0.000000000000e+00	0.000000000000e+00	0.000000000000e+00	0.000000000000e+00
3.700000000000e+00	5.408750373417e-01	1.108406651501e+00	-7.400000000000e+00	1.000000000000e+00	0.000000000000e+00	0.000000000000e+00	0.000000000000e+00	0.000000000000e+00	0.000000000000e+00	0.000000000000e+00	0.000000000000e+00	0.000000000000e+00	0.000000000000e+00
3.800000000000e+00	3.182624672709e-01	1.226031584573e+00	-7.600000000000e+00	1.000000000000e+00	0.000000000000e+00	0.000000000000e+00	0.000000000000e+00	0.000000000000e+00	0.000000000000e+00	0.000000000000e+00	0.000000000000e+00	0.000000000000e+00	0.000000000000e+00
3.900000000000e+00	7.014204673144e-02	1.298106348987e+00	-7.800000000000e+00	1.000000000000e+00	0.000000000000e+00	0.000000000000e+00	0.000000000000e+00	0.000000000000e+00	0.000000000000e+00	0.000000000000e+00	0.000000000000e+00	0.000000000000e+00	0.000000000000e+00
4.000000000000e+00	-1.940000450782e-01	1.319144328831e+00	-8.000000000000e+00	1.000000000000e+00	0.000000000000e+00	0.000000000000e+00	0.000000000000e+00	0.000000000000e+00	0.000000000000e+00	0.000000000000e+00	0.000000000000e+00	0.000000000000e+00	0.000000000000e+00
4.100000000000e+00	-4.635116433446e-01	1.285665094129e+00	-8.200000000000e+00	1.000000000000e+00	0.000000000000e+00	0.000000000000e+00	0.000000000000e+00	0.000000000000e+00	0.000000000000e+00	0.000000000000e+00	0.000000000000e+00	0.000000000000e+00	0.000000000000e+00
4.200000000000e+00	-7.270041157634e-01	1.196438471324e+00	-8.400000000000e+00	1.000000000000e+00	0.000000000000e+00	0.000000000000e+00	0.000000000000e+00	0.000000000000e+00	0.000000000000e+00	0.000000000000e+00	0.000000000000e+00	0.000000000000e+00	0.000000000000e+00
4.300000000000e+00	-9.728320678254e-01	1.052635840286e+00	-8.600000000000e+00	1.000000000000e+00	0.000000000000e+00	0.000000000000e+00	0.000000000000e+00	0.000000000000e+00	0.000000000000e+00	0.000000000000e+00	0.000000000000e+00	0.000000000000e+00	0.000000000000e+00
4.400000000000e+00	-1.189603087290e+00	8.578785495746e-01	-8.800000000000e+00	1.000000000000e+00	0.000000000000e+00	0.000000000000e+00	0.000000000000e+00	0.000000000000e+00	0.000000000000e+00	0.000000000000e+00	0.000000000000e+00	0.000000000000e+00	0.000000000000e+00
4.500000000000e+00	-1.366695392827e+00	6.181777278626e-01	-9.000000000000e+00	1.000000000000e+00	0.000000000000e+00	0.000000000000e+00	0.000000000000e+00	0.000000000000e+00	0.000000000000e+00	0.000000000000e+00	0.000000000000e+00	0.000000000000e+00	0.000000000000e+00
4.600000000000e+00	-1.494760219486e+00	3.417645349537e-01	-9.200000000000e+00	1.000000000000e+00	0.000000000000e+00	0.000000000000e+00	0.000000000000e+00	0.000000000000e+00	0.000000000000e+00	0.000000000000e+00	0.000000000000e+00	0.000000000000e+00	0.000000000000e+00
4.700000000000e+00	-1.566185765855e+00	3.881483321026e-02	-9.400000000000e+00	1.000000000000e+00	0.000000000000e+00	0.000000000000e+00	0.000000000000e+00	0.000000000000e+00	0.000000000000e+00	0.000000000000e+00	0.000000000000e+00	0.000000000000e+00	0.000000000000e+00
4.800000000000e+00	-1.575500569271e+00	-2.789228499568e-01	-9.600000000000e+00	1.000000000000e+00	0.000000000000e+00	0.000000000000e+00	0.000000000000e+00	0.000000000000e+00	0.000000000000e+00	0.000000000000e+00	0.000000000000e+00	0.000000000000e+00	0.000000000000e+00
4.900000000000e+00	-1.519696244438e+00	-5.985825777781e-01	-9.800000000000e+00	1.000000000000e+00	0.000000000000e+00	0.000000000000e+00	0.000000000000e+00	0.000000000000e+00	0.000000000000e+00	0.000000000000e+00	0.000000000000e+00	0.000000000000e+00	0.000000000000e+00
5.000000000000e+00	-1.398452548461e+00	-9.067018514823e-01	-1.000000000000e+01	1.000000000000e+00	0.000000000000e+00	0.000000000000e+00	0.000000000000e+00	0.000000000000e+00	0.000000000000e+00	0.000000000000e+00	0.000000000000e+00	0.000000000000e+00	0.000000000000e+00
5.100000000000e+00	-1.214251608446e+00	-1.189786968909e+00	-1.020000000000e+01	1.000000000000e+00	0.000000000000e+00	0.000000000000e+00	0.000000000000e+00	0.000000000000e+00	0.000000000000e+00	0.000000000000e+00	0.000000000000e+00	0.000000000000e+00	0.000000000000e+00
5.200000000000e+00	-9.723727128739e-01	-1.434899213082e+00	-1.040000000000e+01	1.000000000000e+00	0.000000000000e+00	0.000000000000e+00	0.000000000000e+00	0.000000000000e+00	0.000000000000e+00	0.000000000000e+00	0.000000000000e+00	0.000000000000e+00	0.000000000000e+00
5.300000000000e+00	-6.807641370302e-01	-1.630236578183e+00	-1.060000000000e+01	1.000000000000e+00	0.000000000000e+00	0.000000000000e+00	0.000000000000e+00	0.000000000000e+00	0.000000000000e+00	0.000000000000e+00	0.000000000000e+00	0.000000000000e+00	0.000000000000e+00
5.400000000000e+00	-3.497938316196e-01	-1.765685214120e+00	-1.080000000000e+01	1.000000000000e+00	0.000000000000e+00	0.000000000000e+00	0.000000000000e+00	0.000000000000e+00	0.000000000000e+00	0.000000000000e+00	0.000000000000e+00	0.000000000000e+00	0.000000000000e+00
5.500000000000e+00	8.113779644760e-03	-1.833315378676e+00	-1.100000000000e+01	1.000000000000e+00	0.000000000000e+00	0.000000000000e+00	0.000000000000e+00	0.000000000000e+00	0.000000000000e+00	0.000000000000e+00	0.000000000000e+00	0.000000000000e+00	0.000000000000e+00
5.600000000000e+00	3.789424124617e-01	-1.827798427749e+00	-1.120000000000e+01	1.000000000000e+00	0.000000000000e+00	0.000000000000e+00	0.000000000000e+00	0.000000000000e+00	0.000000000000e+00	0.000000000000e+00	0.000000000000e+00	0.000000000000e+00	0.000000000000e+00
5.700000000000e+00	7.476326460610e-01	-1.746724198763e+00	-1.140000000000e+01	1.000000000000e+00	0.000000000000e+00	0.000000000000e+00	0.000000000000e+00	0.000000000000e+00	0.000000000000e+00	0.000000000000e+00	0.000000000000e+00	0.000000000000e+00	0.000000000000e+00
5.800000000000e+00	1.098693284218e+00	-1.590801950273e+00	-1.160000000000e+01	1.000000000000e+00	0.000000000000e+00	0.000000000000e+00	0.000000000000e+00	0.000000000000e+00	0.000000000000e+00	0.000000000000e+00	0.000000000000e+00	0.000000000000e+00	0.000000000000e+00
5.900000000000e+00	1.416850542015e+00	-1.363932666728e+00	-1.180000000000e+01	1.000000000000e+00	0.000000000000e+00	0.000000000000e+00	0.000000000000e+00	0.000000000000e+00	0.000000000000e+00	0.000000000000e+00	0.000000000000e+00	0.000000000000e+00	0.000000000000e+00
6.000000000000e+00	1.687707917465e+00	-1.073145836001e+00	-1.200000000000e+01	1.000000000000e+00	0.000000000000e+00	0.000000000000e+00	0.000000000000e+00	0.000000000000e+00	0.000000000000e+00	0.000000000000e+00	0.000000000000e+00	0.000000000000e+00	0.000000000000e+00
6.100000000000e+00	1.898388409618e+00	-7.283995405482e-01	-1.220000000000e+01	1.000000000000e+00	0.000000000000e+00	0.000000000000e+00	0.000000000000e+00	0.000000000000e+00	0.000000000000e+00	0.000000000000e+00	0.000000000000e+00	0.000000000000e+00	0.000000000000e+00
6.200000000000e+00	2.038130758043e+00	-3.422486292598e-01	-1.240000000000e+01	1.000000000000e+00	0.000000000000e+00	0.000000000000e+00	0.000000000000e+00	0.000000000000e+00	0.000000000000e+00	0.000000000000e+00	0.000000000000e+00	0.000000000000e+00	0.000000000000e+00
6.300000000000e+00	2.098812629552e+00	7.060839916439e-02	-1.260000000000e+01	1.000000000000e+00	0.000000000000e+00	0.000000000000e+00	0.000000000000e+00	0.000000000000e+00	0.000000000000e+00	0.000000000000e+00	0.000000000000e+00	0.000000000000e+00	0.000000000000e+00
6.400000000000e+00	2.075376140155e+00	4.938876268833e-01	-1.280000000000e+01	1.000000000000e+00	0.000000000000e+00	0.000000000000e+00	0.000000000000e+00	0.000000000000e+00	0.000000000000e+00	0.000000000000e+00	0.000000000000e+00	0.000000000000e+00	0.000000000000e+00
6.500000000000e+00	1.966134693142e+00	9.103619131244e-01	-1.300000000000e+01	1.000000000000e+00	0.000000000000e+00	0.000000000000e+00	0.000000000000e+00	0.000000000000e+00	0.000000000000e+00	0.000000000000e+00	0.000000000000e+00	0.000000000000e+00	0.000000000000e+00
6.600000000000e+00	1.772944706809e+00	1.302561732356e+00	-1.320000000000e+01	1.000000000000e+00	0.000000000000e+00	0.000000000000e+00	0.000000000000e+00	0.000000000000e+00	0.000000000000e+00	0.000000000000e+00	0.000000000000e+00	0.000000000000e+00	0.000000000000e+00
6.700000000000e+00	1.501231219936e+00	1.653506154227e+00	-1.340000000000e+01	1.000000000000e+00	0.000000000000e+00	0.000000000000e+00	0.000000000000e+00	0.000000000000e+00	0.000000000000e+00	0.000000000000e+00	0.000000000000e+00	0.000000000000e+00	0.000000000000e+00
6.800000000000e+00	1.159862382894e+00	1.947433447008e+00	-1.360000000000e+01	1.000000000000e+00	0.000000000000e+00	0.000000000000e+00	0.000000000000e+00	0.000000000000e+00	0.000000000000e+00	0.000000000000e+00	0.000000000000e+00	0.000000000000e+00	0.000000000000e+00
6.900000000000e+00	7.608742192828e-01	2.170500039721e+00	-1.380000000000e+01	1.000000000000e+00	0.000000000000e+00	0.000000000000e+00	0.000000000000e+00	0.000000000000e+00	0.000000000000e+00	0.000000000000e+00	0.000000000000e+00	0.000000000000e+00	0.000000000000e+00
7.000000000000e+00	3.190535091516e-01	2.311417163288e+00	-1.400000000000e+01	1.000000000000e+00	0.000000000000e+00	0.000000000000e+00	0.000000000000e+00	0.000000000000e+00	0.000000000000e+00	0.000000000000e+00	0.000000000000e+00	0.000000000000e+00	0.000000000000e+00
7.100000000000e+00	-1.486070775870e-01	2.361996411429e+00	-1.420000000000e+01	1.000000000000e+00	0.000000000000e+00	0.000000000000e+00	0.000000000000e+00	0.000000000000e+00	0.000000000000e+00	0.000000000000e+00	0.000000000000e+00	0.000000000000e+00	0.000000000000e+00
7.200000000000e+00	-6.235616549130e-01	2.317578663718e+00	-1.440000000000e+01	1.000000000000e+00	0.000000000000e+00	0.000000000000e+00	0.000000000000e+00	0.000000000000e+00	0.000000000000e+00	0.000000000000e+00	0.000000000000e+00	0.000000000000e+00	0.000000000000e+00
7.300000000000e+00	-1.086446569103e+00	2.177325185542e+00	-1.460000000000e+01	1.000000000000e+00	0.000000000000e+00	0.000000000000e+00	0.000000000000e+00	0.000000000000e+00	0.000000000000e+00	0.000000000000e+00	0.000000000000e+00	0.000000000000e+00	0.000000000000e+00
7.400000000000e+00	-1.517869457955e+00	1.944355099526e+00	-1.480000000000e+01	1.000000000000e+00	0.000000000000e+00	0.000000000000e+00	0.000000000000e+00	0.000000000000e+00	0.000000000000e+00	0.000000000000e+00	0.000000000000e+00	0.000000000000e+00	0.000000000000e+00
7.500000000000e+00	-1.899219782147e+00	1.625719600393e+00	-1.500000000000e+01	1.000000000000e+00	0.000000000000e+00	0.000000000000e+00	0.000000000000e+00	0.000000000000e+00	0.000000000000e+00	0.000000000000e+00	0.000000000000e+00	0.000000000000e+00	0.000000000000e+00
7.600000000000e+00	-2.213467023628e+00	1.232210011763e+00	-1.520000000000e+01	1.000000000000e+00	0.000000000000e+00	0.000000000000e+00	0.000000000000e+00	0.000000000000e+00	0.000000000000e+00	0.000000000000e+00	0.000000000000e+00	0.000000000000e+00	0.000000000000e+00
7.700000000000e+00	-2.445912486677e+00	7.780037823140e-01	-1.540000000000e+01	1.000000000000e+00	0.000000000000e+00	0.000000000000e+00	0.000000000000e+00	0.000000000000e+00	0.000000000000e+00	0.000000000000e+00	0.000000000000e+00	0.000000000000e+00	0.000000000000e+00
7.800000000000e+00	-2.584861825478e+00	2.801594959785e-01	-1.560000000000e+01	1.000000000000e+00	0.000000000000e+00	0.000000000000e+00	0.000000000000e+00	0.000000000000e+00	0.000000000000e+00	0.000000000000e+00	0.000000000000e+00	0.000000000000e+00	0.000000000000e+00
7.900000000000e+00	-2.622188036700e+00	-2.420213722662e-01	-1.580000000000e+01	1.000000000000e+00	0.000000000000e+00	0.000000000000e+00	0.000000000000e+00	0.000000000000e+00	0.000000000000e+00	0.000000000000e+00	0.000000000000e+00	0.000000000000e+00	0.000000000000e+00
8.000000000000e+00	-2.553758614196e+00	-7.677421777735e-01	-1.600000000000e+01	1.000000000000e+00	0.000000000000e+00	0.000000000000e+00	0.000000000000e+00	0.000000000000e+00	0.000000000000e+00	0.000000000000e+00	0.000000000000e+00	0.000000000000e+00	0.000000000000e+00
8.100000000000e+00	-2.379705723978e+00	-1.275539363276e+00	-1.620000000000e+01	1.000000000000e+00	0.000000000000e+00	0.000000000000e+00	0.000000000000e+00	0.000000000000e+00	0.000000000000e+00	0.000000000000e+00	0.000000000000e+00	0.000000000000e+00	0.000000000000e+00
8.200000000000e+00	-2.104524425482e+00	-1.744158265084e+00	-1.640000000000e+01	1.000000000000e+00	0.000000000000e+00	0.000000000000e+00	0.000000000000e+00	0.000000000000e+00	0.000000000000e+00	0.000000000000e+00	0.000000000000e+00	0.000000000000e+00	0.000000000000e+00
8.300000000000e+00	-1.736990897515e+00	-2.153440750612e+00	-1.660000000000e+01	1.000000000000e+00	0.000000000000e+00	0.000000000000e+00	0.000000000000e+00	0.000000000000e+00	0.000000000000e+00	0.000000000000e+00	0.000000000000e+00	0.000000000000e+00	0.000000000000e+00
8.400000000000e+00	-1.289900044752e+00	-2.485187694028e+00	-1.680000000000e+01	1.000000000000e+00	0.000000000000e+00	0.000000000000e+00	0.000000000000e+00	0.000000000000e+00	0.000000000000e+00	0.000000000000e+00	0.000000000000e+00	0.000000000000e+00	0.000000000000e+00
8.500000000000e+00	-7.796294578129e-01	-2.723959560325e+00	-1.700000000000e+01	1.000000000000e+00	0.000000000000e+00	0.000000000000e+00	0.000000000000e+00	0.000000000000e+00	0.000000000000e+00	0.000000000000e+00	0.000000000000e+00	0.000000000000e+00	0.000000000000e+00
8.600000000000e+00	-2.255441582313e-01	-2.857780189319e+00	-1.720000000000e+01	1.000000000000e+00	0.000000000000e+00	0.000000000000e+00	0.000000000000e+00	0.000000000000e+00	0.000000000000e+00	0.000000000000e+00	0.000000000000e+00	0.000000000000e+00	0.000000000000e+00
8.700000000000e+00	3.507364397926e-01	-2.878712203365e+00	-1.740000000000e+01	1.000000000000e+00	0.000000000000e+00	0.000000000000e+00	0.000000000000e+00	0.000000000000e+00	0.000000000000e+00	0.000000000000e+00	0.000000000000e+00	0.000000000000e+00	0.000000000000e+00
8.800000000000e+00	9.261816810964e-01	-2.783277193893e+00	-1.760000000000e+01	1.000000000000e+00	0.000000000000e+00	0.000000000000e+00	0.000000000000e+00	0.000000000000e+00	0.000000000000e+00	0.000000000000e+00	0.000000000000e+00	0.000000000000e+00	0.000000000000e+00
8.900000000000e+00	1.477270068272e+00	-2.572699799141e+00	-1.780000000000e+01	1.000000000000e+00	0.000000000000e+00	0.000000000000e+00	0.000000000000e+00	0.000000000000e+00	0.000000000000e+00	0.000000000000e+00	0.000000000000e+00	0.000000000000e+00	0.000000000000e+00
9.000000000000e+00	1.980950124732e+00	-2.252961740315e+00	-1.800000000000e+01	1.000000000000e+00	0.000000000000e+00	0.000000000000e+00	0.000000000000e+00	0.000000000000e+00	0.000000000000e+00	0.000000000000e+00	0.000000000000e+00	0.000000000000e+00	0.000000000000e+00
9.100000000000e+00	2.415602493219e+00	-1.834659561299e+00	-1.820000000000e+01	1.000000000000e+00	0.000000000000e+00	0.000000000000e+00	0.000000000000e+00	0.000000000000e+00	0.000000000000e+00	0.000000000000e+00	0.000000000000e+00	0.000000000000e+00	0.000000000000e+00
9.200000000000e+00	2.761963195313e+00	-1.332667907687e+00	-1.840000000000e+01	1.000000000000e+00	0.000000000000e+00	0.000000000000e+00	0.000000000000e+00	0.000000000000e+00	0.000000000000e+00	0.000000000000e+00	0.000000000000e+00	0.000000000000e+00	0.000000000000e+00
9.300000000000e+00	3.003968798111e+00	-7.656183513835e-01	-1.860000000000e+01	1.000000000000e+00	0.000000000000e+00	0.000000000000e+00	0.000000000000e+00	0.000000000000e+00	0.000000000000e+00	0.000000000000e+00	0.000000000000e+00	0.000000000000e+00	0.000000000000e+00
9.400000000000e+00	3.129486717307e+00	-1.552116747522e-01	-1.880000000000e+01	1.000000000000e+00	0.000000000000e+00	0.000000000000e+00	0.000000000000e+00	0.000000000000e+00	0.000000000000e+00	0.000000000000e+00	0.000000000000e+00	0.000000000000e+00	0.000000000000e+00
9.500000000000e+00	3.130897957591e+00	4.746111639327e-01	-1.900000000000e+01	1.000000000000e+00	0.000000000000e+00	0.000000000000e+00	0.000000000000e+00	0.000000000000e+00	0.000000000000e+00	0.000000000000e+00	0.000000000000e+00	0.000000000000e+00	0.000000000000e+00
9.600000000000e+00	3.005505109430e+00	1.098607772224e+00	-1.920000000000e+01	1.000000000000e+00	0.000000000000e+00	0.000000000000e+00	0.000000000000e+00	0.000000000000e+00	0.000000000000e+00	0.000000000000e+00	0.000000000000e+00	0.000000000000e+00	0.000000000000e+00
9.700000000000e+00	2.755745180498e+00	1.691245974010e+00	-1.940000000000e+01	1.000000000000e+00	0.000000000000e+00	0.000000000000e+00	0.000000000000e+00	0.000000000000e+00	0.000000000000e+00	0.000000000000e+00	0.000000000000e+00	0.000000000000e+00	0.000000000000e+00
9.800000000000e+00	2.389194579109e+00	2.227747825556e+00	-1.960000000000e+01	1.000000000000e+00	0.000000000000e+00	0.000000000000e+00	0.000000000000e+00	0.000000000000e+00	0.000000000000e+00	0.000000000000e+00	0.000000000000e+00	0.000000000000e+00	0.000000000000e+00
9.900000000000e+00	1.918361978988e+00	2.685123333773e+00	-1.980000000000e+01	1.000000000000e+00	0.000000000000e+00	0.000000000000e+00	0.000000000000e+00	0.000000000000e+00	0.000000000000e+00	0.000000000000e+00	0.000000000000e+00	0.000000000000e+00	0.000000000000e+00
1.000000000000e+01	1.360273539378e+00	3.043150835759e+00	-2.000000000000e+01	1.000000000000e+00	0.000000000000e+00	0.000000000000e+00	0.000000000000e+00	0.000000000000e+00	0.000000000000e+00	0.000000000000e+00	0.000000000000e+00	0.000000000000e+00	0.000000000000e+00
1.010000000000e+01	7.358636715437e-01	3.285262409815e+00	-2.020000000000e+01	1.000000000000e+00	0.000000000000e+00	0.000000000000e+00	0.000000000000e+00	0.000000000000e+00	0.000000000000e+00	0.000000000000e+00	0.000000000000e+00	0.000000000000e+00	0.000000000000e+00
1.020000000000e+01	6.919286732772e-02	3.399295860485e+00	-2.040000000000e+01	1.000000000000e+00	0.000000000000e+00	0.000000000000e+00	0.000000000000e+00	0.000000000000e+00	0.000000000000e+00	0.000000000000e+00	0.000000000000e+00	0.000000000000e+00	0.000000000000e+00
1.030000000000e+01	-6.134783172516e-01	3.378079651524e+00	-2.060000000000e+01	1.000000000000e+00	0.000000000000e+00	0.000000000000e+00	0.000000000000e+00	0.000000000000e+00	0.000000000000e+00	0.000000000000e+00	0.000000000000e+00	0.000000000000e+00	0.000000000000e+00
1.040000000000e+01	-1.284723529570e+00	3.219823478134e+00	-2.080000000000e+01	1.000000000000e+00	0.000000000000e+00	0.000000000000e+00	0.000000000000e+00	0.000000000000e+00	0.000000000000e+00	0.000000000000e+00	0.000000000000e+00	0.000000000000e+00	0.000000000000e+00
1.050000000000e+01	-1.917052410785e+00	2.928294734876e+00	-2.100000000000e+01	1.000000000000e+00	0.000000000000e+00	0.000000000000e+00	0.000000000000e+00	0.000000000000e+00	0.000000000000e+00	0.000000000000e+00	0.000000000000e+00	0.000000000000e+00	0.000000000000e+00
1.060000000000e+01	-2.484035649711e+00	2.512769654268e+00	-2.120000000000e+01	1.000000000000e+00	0.000000000000e+00	0.000000000000e+00	0.000000000000e+00	0.000000000000e+00	0.000000000000e+00	0.000000000000e+00	0.000000000000e+00	0.000000000000e+00	0.000000000000e+00
1.070000000000e+01	-2.961407287727e+00	1.987757024213e+00	-2.140000000000e+01	1.000000000000e+00	0.000000000000e+00	0.000000000000e+00	0.000000000000e+00	0.000000000000e+00	0.000000000000e+00	0.000000000000e+00	0.000000000000e+00	0.000000000000e+00	0.000000000000e+00
1.080000000000e+01	-3.328098389691e+00	1.372501769958e+00	-2.160000000000e+01	1.000000000000e+00	0.000000000000e+00	0.000000000000e+00	0.000000000000e+00	0.000000000000e+00	0.000000000000e+00	0.000000000000e+00	0.000000000000e+00	0.000000000000e+00	0.000000000000e+00
1.090000000000e+01	-3.567158229949e+00	6.902849220568e-01	-2.180000000000e+01	1.000000000000e+00	0.000000000000e+00	0.000000000000e+00	0.000000000000e+00	0.000000000000e+00	0.000000000000e+00	0.000000000000e+00	0.000000000000e+00	0.000000000000e+00	0.000000000000e+00
1.100000000000e+01	-3.666523030114e+00	-3.245480073148e-02	-2.200000000000e+01	1.000000000000e+00	0.000000000000e+00	0.000000000000e+00	0.000000000000e+00	0.000000000000e+00	0.000000000000e+00	0.000000000000e+00	0.000000000000e+00	0.000000000000e+00	0.000000000000e+00
1.110000000000e+01	-3.619597895204e+00	-7.671447562450e-01	-2.220000000000e+01	1.000000000000e+00	0.000000000000e+00	0.000000000000e+00	0.000000000000e+00	0.000000000000e+00	0.000000000000e+00	0.000000000000e+00	0.000000000000e+00	0.000000000000e+00	0.000000000000e+00
1.120000000000e+01	-3.425624721986e+00	-1.484207883653e+00	-2.240000000000e+01	1.000000000000e+00	0.000000000000e+00	0.000000000000e+00	0.000000000000e+00	0.000000000000e+00	0.000000000000e+00	0.000000000000e+00	0.000000000000e+00	0.000000000000e+00	0.000000000000e+00
1.130000000000e+01	-3.089817226518e+00	-2.154253300913e+00	-2.260000000000e+01	1.000000000000e+00	0.000000000000e+00	0.000000000000e+00	0.000000000000e+00	0.000000000000e+00	0.000000000000e+00	0.000000000000e+00	0.000000000000e+00	0.000000000000e+00	0.000000000000e+00
1.140000000000e+01	-2.623253529566e+00	-2.749280072968e+00	-2.280000000000e+01	1.000000000000e+00	0.000000000000e+00	0.000000000000e+00	0.000000000000e+00	0.000000000000e+00	0.000000000000e+00	0.000000000000e+00	0.000000000000e+00	0.000000000000e+00	0.000000000000e+00
1.150000000000e+01	-2.042526577945e+00	-3.243844882671e+00	-2.300000000000e+01	1.000000000000e+00	0.000000000000e+00	0.000000000000e+00	0.000000000000e+00	0.000000000000e+00	0.000000000000e+00	0.000000000000e+00	0.000000000000e+00	0.000000000000e+00	0.000000000000e+00
1.160000000000e+01	-1.369162667799e+00	-3.616145005419e+00	-2.320000000000e+01	1.000000000000e+00	0.000000000000e+00	0.000000000000e+00	0.000000000000e+00	0.000000000000e+00	0.000000000000e+00	0.000000000000e+00	0.000000000000e+00	0.000000000000e+00	0.000000000000e+00
1.170000000000e+01	-6.288280608643e-01	-3.848970676671e+00	-2.340000000000e+01	1.000000000000e+00	0.000000000000e+00	0.000000000000e+00	0.000000000000e+00	0.000000000000e+00	0.000000000000e+00	0.000000000000e+00	0.000000000000e+00	0.000000000000e+00	0.000000000000e+00
1.180000000000e+01	1.496472600411e-01	-3.930485569071e+00	-2.360000000000e+01	1.000000000000e+00	0.000000000000e+00	0.000000000000e+00	0.000000000000e+00	0.000000000000e+00	0.000000000000e+00	0.000000000000e+00	0.000000000000e+00	0.000000000000e+00	0.000000000000e+00
1.190000000000e+01	9.353916497704e-01	-3.854800501451e+00	-2.380000000000e+01	1.000000000000e+00	0.000000000000e+00	0.000000000000e+00	0.000000000000e+00	0.000000000000e+00	0.000000000000e+00	0.000000000000e+00	0.000000000000e+00	0.000000000000e+00	0.000000000000e+00
1.200000000000e+01	1.696716029348e+00	-3.622313448026e+00	-2.400000000000e+01	1.000000000000e+00	0.000000000000e+00	0.000000000000e+00	0.000000000000e+00	0.000000000000e+00	0.000000000000e+00	0.000000000000e+00	0.000000000000e+00	0.000000000000e+00	0.000000000000e+00
1.210000000000e+01	2.402391738277e+00	-3.239798097666e+00	-2.420000000000e+01	1.000000000000e+00	0.000000000000e+00	0.000000000000e+00	0.000000000000e+00	0.000000000000e+00	0.000000000000e+00	0.000000000000e+00	0.000000000000e+00	0.000000000000e+00	0.000000000000e+00
1.220000000000e+01	3.022930488298e+00	-2.720233269537e+00	-2.440000000000e+01	1.000000000000e+00	0.000000000000e+00	0.000000000000e+00	0.000000000000e+00	0.000000000000e+00	0.000000000000e+00	0.000000000000e+00	0.000000000000e+00	0.000000000000e+00	0.000000000000e+00
1.230000000000e+01	3.531813996918e+00	-2.082376020602e+00	-2.460000000000e+01	1.000000000000e+00	0.000000000000e+00	0.000000000000e+00	0.000000000000e+00	0.000000000000e+00	0.000000000000e+00	0.000000000000e+00	0.000000000000e+00	0.000000000000e+00	0.000000000000e+00
1.240000000000e+01	3.906622125146e+00	-1.350091854566e+00	-2.480000000000e+01	1.000000000000e+00	0.000000000000e+00	0.000000000000e+00	0.000000000000e+00	0.000000000000e+00	0.000000000000e+00	0.000000000000e+00	0.000000000000e+00	0.000000000000e+00	0.000000000000e+00
1.250000000000e+01	4.130011716098e+00	-5.514656254074e-01	-2.500000000000e+01	1.000000000000e+00	0.000000000000e+00	0.000000000000e+00	0.000000000000e+00	0.000000000000e+00	0.000000000000e+00	0.000000000000e+00	0.000000000000e+00	0.000000000000e+00	0.000000000000e+00
1.260000000000e+01	4.190503721843e+00	2.822739046070e-01	-2.520000000000e+01	1.000000000000e+00	0.000000000000e+00	0.000000000000e+00	0.000000000000e+00	0.000000000000e+00	0.000000000000e+00	0.000000000000e+00	0.000000000000e+00	0.000000000000e+00	0.000000000000e+00
1.270000000000e+01	4.083043422578e+00	1.117974740528e+00	-2.540000000000e+01	1.000000000000e+00	0.000000000000e+00	0.000000000000e+00	0.000000000000e+00	0.000000000000e+00	0.000000000000e+00	0.000000000000e+00	0.000000000000e+00	0.000000000000e+00	0.000000000000e+00
1.280000000000e+01	3.809307314188e+00	1.921879868908e+00	-2.560000000000e+01	1.000000000000e+00	0.000000000000e+00	0.000000000000e+00	0.000000000000e+00	0.000000000000e+00	0.000000000000e+00	0.000000000000e+00	0.000000000000e+00	0.000000000000e+00	0.000000000000e+00
1.290000000000e+01	3.377740228719e+00	2.660990595116e+00	-2.580000000000e+01	1.000000000000e+00	0.000000000000e+00	0.000000000000e+00	0.000000000000e+00	0.000000000000e+00	0.000000000000e+00	0.000000000000e+00	0.000000000000e+00	0.000000000000e+00	0.000000000000e+00
1.300000000000e+01	2.803317063424e+00	3.304419952078e+00	-2.600000000000e+01	1.000000000000e+00	0.000000000000e+00	0.000000000000e+00	0.000000000000e+00	0.000000000000e+00	0.000000000000e+00	0.000000000000e+00	0.000000000000e+00	0.000000000000e+00	0.000000000000e+00
1.310000000000e+01	2.107034694720e+00	3.824680715174e+00	-2.620000000000e+01	1.000000000000e+00	0.000000000000e+00	0.000000000000e+00	0.000000000000e+00	0.000000000000e+00	0.000000000000e+00	0.000000000000e+00	0.000000000000e+00	0.000000000000e+00	0.000000000000e+00
1.320000000000e+01	1.315150788004e+00	4.198854415768e+00	-2.640000000000e+01	1.000000000000e+00	0.000000000000e+00	0.000000000000e+00	0.000000000000e+00	0.000000000000e+00	0.000000000000e+00	0.000000000000e+00	0.000000000000e+00	0.000000000000e+00	0.000000000000e+00
1.330000000000e+01	4.581968241609e-01	4.409591830858e+00	-2.660000000000e+01	1.000000000000e+00	0.000000000000e+00	0.000000000000e+00	0.000000000000e+00	0.000000000000e+00	0.000000000000e+00	0.000000000000e+00	0.000000000000e+00	0.000000000000e+00	0.000000000000e+00
1.340000000000e+01	-4.301976952444e-01	4.445901601938e+00	-2.680000000000e+01	1.000000000000e+00	0.000000000000e+00	0.000000000000e+00	0.000000000000e+00	0.000000000000e+00	0.000000000000e+00	0.000000000000e+00	0.000000000000e+00	0.000000000000e+00	0.000000000000e+00
1.350000000000e+01	-1.314624639302e+00	4.303691677820e+00	-2.700000000000e+01	1.000000000000e+00	0.000000000000e+00	0.000000000000e+00	0.000000000000e+00	0.000000000000e+00	0.000000000000e+00	0.000000000000e+00	0.000000000000e+00	0.000000000000e+00	0.000000000000e+00
1.360000000000e+01	-2.159308485241e+00	3.986037879483e+00	-2.720000000000e+01	1.000000000000e+00	0.000000000000e+00	0.000000000000e+00	0.000000000000e+00	0.000000000000e+00	0.000000000000e+00	0.000000000000e+00	0.000000000000e+00	0.000000000000e+00	0.000000000000e+00
1.370000000000e+01	-2.929553155349e+00	3.503164677036e+00	-2.740000000000e+01	1.000000000000e+00	0.000000000000e+00	0.000000000000e+00	0.000000000000e+00	0.000000000000e+00	0.000000000000e+00	0.000000000000e+00	0.000000000000e+00	0.000000000000e+00	0.000000000000e+00
1.380000000000e+01	-3.593165952054e+00	2.872134822915e+00	-2.760000000000e+01	1.000000000000e+00	0.000000000000e+00	0.000000000000e+00	0.000000000000e+00	0.000000000000e+00	0.000000000000e+00	0.000000000000e+00	0.000000000000e+00	0.000000000000e+00	0.000000000000e+00
1.390000000000e+01	-4.121800200318e+00	2.116256337601e+00	-2.780000000000e+01	1.000000000000e+00	0.000000000000e+00	0.000000000000e+00	0.000000000000e+00	0.000000000000e+00	0.000000000000e+00	0.000000000000e+00	0.000000000000e+00	0.000000000000e+00	0.000000000000e+00
1.400000000000e+01	-4.492160709463e+00	1.264227012103e+00	-2.800000000000e+01	1.000000000000e+00	0.000000000000e+00	0.000000000000e+00	0.000000000000e+00	0.000000000000e+00	0.000000000000e+00	0.000000000000e+00	0.000000000000e+00	0.000000000000e+00	0.000000000000e+00
1.410000000000e+01	-4.687020991734e+00	3.490475942465e-01	-2.820000000000e+01	1.000000000000e+00	0.000000000000e+00	0.000000000000e+00	0.000000000000e+00	0.000000000000e+00	0.000000000000e+00	0.000000000000e+00	0.000000000000e+00	0.000000000000e+00	0.000000000000e+00
1.420000000000e+01	-4.696008155572e+00	-5.932552968564e-01	-2.840000000000e+01	1.000000000000e+00	0.000000000000e+00	0.000000000000e+00	0.000000000000e+00	0.000000000000e+00	0.000000000000e+00	0.000000000000e+00	0.000000000000e+00	0.000000000000e+00	0.000000000000e+00
1.430000000000e+01	-4.516120270361e+00	-1.525047151648e+00	-2.860000000000e+01	1.000000000000e+00	0.000000000000e+00	0.000000000000e+00	0.000000000000e+00	0.000000000000e+00	0.000000000000e+00	0.000000000000e+00	0.000000000000e+00	0.000000000000e+00	0.000000000000e+00
1.440000000000e+01	-4.151951437537e+00	-2.408588644899e+00	-2.880000000000e+01	1.000000000000e+00	0.000000000000e+00	0.000000000000e+00	0.000000000000e+00	0.000000000000e+00	0.000000000000e+00	0.000000000000e+00	0.000000000000e+00	0.000000000000e+00	0.000000000000e+00
1.450000000000e+01	-3.615611393497e+00	-3.207563773696e+00	-2.900000000000e+01	1.000000000000e+00	0.000000000000e+00	0.000000000000e+00	0.000000000000e+00	0.000000000000e+00	0.000000000000e+00	0.000000000000e+00	0.000000000000e+00	0.000000000000e+00	0.000000000000e+00
1.460000000000e+01	-2.926338752942e+00	-3.888571196143e+00	-2.920000000000e+01	1.000000000000e+00	0.000000000000e+00	0.000000000000e+00	0.000000000000e+00	0.000000000000e+00	0.000000000000e+00	0.000000000000e+00	0.000000000000e+00	0.000000000000e+00	0.000000000000e+00
1.470000000000e+01	-2.109819483405e+00	-4.422517580230e+00	-2.940000000000e+01	1.000000000000e+00	0.000000000000e+00	0.000000000000e+00	0.000000000000e+00	0.000000000000e+00	0.000000000000e+00	0.000000000000e+00	0.000000000000e+00	0.000000000000e+00	0.000000000000e+00
1.480000000000e+01	-1.197234374318e+00	-4.785854952955e+00	-2.960000000000e+01	1.000000000000e+00	0.000000000000e+00	0.000000000000e+00	0.000000000000e+00	0.000000000000e+00	0.000000000000e+00	0.000000000000e+00	0.000000000000e+00	0.000000000000e+00	0.000000000000e+00
1.490000000000e+01	-2.240706250244e-01	-4.961609631237e+00	-2.980000000000e+01	1.000000000000e+00	0.000000000000e+00	0.000000000000e+00	0.000000000000e+00	0.000000000000e+00	0.000000000000e+00	0.000000000000e+00	0.000000000000e+00	0.000000000000e+00	0.000000000000e+00
1.500000000000e+01	7.712572494379e-01	-4.940158120464e+00	-3.000000000000e+01	1.000000000000e+00	0.000000000000e+00	0.000000000000e+00	0.000000000000e+00	0.000000000000e+00	0.000000000000e+00	0.000000000000e+00	0.000000000000e+00	0.000000000000e+00	0.000000000000e+00
1.510000000000e+01	1.748923636646e+00	-4.719715092845e+00	-3.020000000000e+01	1.000000000000e+00	0.000000000000e+00	0.000000000000e+00	0.000000000000e+00	0.000000000000e+00	0.000000000000e+00	0.000000000000e+00	0.000000000000e+00	0.000000000000e+00	0.000000000000e+00
1.520000000000e+01	2.669285330211e+00	-4.306509832455e+00	-3.040000000000e+01	1.000000000000e+00	0.000000000000e+00	0.000000000000e+00	0.000000000000e+00	0.000000000000e+00	0.000000000000e+00	0.000000000000e+00	0.000000000000e+00	0.000000000000e+00	0.000000000000e+00
1.530000000000e+01	3.494488559846e+00	-3.714639915941e+00	-3.060000000000e+01	1.000000000000e+00	0.000000000000e+00	0.000000000000e+00	0.000000000000e+00	0.000000000000e+00	0.000000000000e+00	0.000000000000e+00	0.000000000000e+00	0.000000000000e+00	0.000000000000e+00
1.540000000000e+01	4.190024421186e+00	-2.965603894821e+00	-3.080000000000e+01	1.000000000000e+00	0.000000000000e+00	0.000000000000e+00	0.000000000000e+00	0.000000000000e+00	0.000000000000e+00	0.000000000000e+00	0.000000000000e+00	0.000000000000e+00	0.000000000000e+00
1.550000000000e+01	4.726168848657e+00	-2.087527834169e+00	-3.100000000000e+01	1.000000000000e+00	0.000000000000e+00	0.000000000000e+00	0.000000000000e+00	0.000000000000e+00	0.000000000000e+00	0.000000000000e+00	0.000000000000e+00	0.000000000000e+00	0.000000000000e+00
1.560000000000e+01	5.079247164328e+00	-1.114113209539e+00	-3.120000000000e+01	1.000000000000e+00	0.000000000000e+00	0.000000000000e+00	0.000000000000e+00	0.000000000000e+00	0.000000000000e+00	0.000000000000e+00	0.000000000000e+00	0.000000000000e+00	0.000000000000e+00
1.570000000000e+01	5.232669617968e+00	-8.334534760720e-02	-3.140000000000e+01	1.000000000000e+00	0.000000000000e+00	0.000000000000e+00	0.000000000000e+00	0.000000000000e+00	0.000000000000e+00	0.000000000000e+00	0.000000000000e+00	0.000000000000e+00	0.000000000000e+00
1.580000000000e+01	5.177692978616e+00	9.639881726311e-01	-3.160000000000e+01	1.000000000000e+00	0.000000000000e+00	0.000000000000e+00	0.000000000000e+00	0.000000000000e+00	0.000000000000e+00	0.000000000000e+00	0.000000000000e+00	0.000000000000e+00	0.000000000000e+00
1.590000000000e+01	4.913873820308e+00	1.985911397342e+00	-3.180000000000e+01	1.000000000000e+00	0.000000000000e+00	0.000000000000e+00	0.000000000000e+00	0.000000000000e+00	0.000000000000e+00	0.000000000000e+00	0.000000000000e+00	0.000000000000e+00	0.000000000000e+00
1.600000000000e+01	4.449191256035e+00	2.940942299956e+00	-3.200000000000e+01	1.000000000000e+00	0.000000000000e+00	0.000000000000e+00	0.000000000000e+00	0.000000000000e+00	0.000000000000e+00	0.000000000000e+00	0.000000000000e+00	0.000000000000e+00	0.000000000000e+00
1.610000000000e+01	3.799830038635e+00	3.789776086868e+00	-3.220000000000e+01	1.000000000000e+00	0.000000000000e+00	0.000000000000e+00	0.000000000000e+00	0.000000000000e+00	0.000000000000e+00	0.000000000000e+00	0.000000000000e+00	0.000000000000e+00	0.000000000000e+00
1.620000000000e+01	2.989628641087e+00	4.496901220662e+00	-3.240000000000e+01	1.000000000000e+00	0.000000000000e+00	0.000000000000e+00	0.000000000000e+00	0.000000000000e+00	0.000000000000e+00	0.000000000000e+00	0.000000000000e+00	0.000000000000e+00	0.000000000000e+00
1.630000000000e+01	2.049210599293e+00	5.032081779031e+00	-3.260000000000e+01	1.000000000000e+00	0.000000000000e+00	0.000000000000e+00	0.000000000000e+00	0.000000000000e+00	0.000000000000e+00	0.000000000000e+00	0.000000000000e+00	0.000000000000e+00	0.000000000000e+00
1.640000000000e+01	1.014830490576e+00	5.371644396257e+00	-3.280000000000e+01	1.000000000000e+00	0.000000000000e+00	0.000000000000e+00	0.000000000000e+00	0.000000000000e+00	0.000000000000e+00	0.000000000000e+00	0.000000000000e+00	0.000000000000e+00	0.000000000000e+00
1.650000000000e+01	-7.302210972683e-02	5.499515230590e+00	-3.300000000000e+01	1.000000000000e+00	0.000000000000e+00	0.000000000000e+00	0.000000000000e+00	0.000000000000e+00	0.000000000000e+00	0.000000000000e+00	0.000000000000e+00	0.000000000000e+00	0.000000000000e+00
1.660000000000e+01	-1.171207003623e+00	5.407961901904e+00	-3.320000000000e+01	1.000000000000e+00	0.000000000000e+00	0.000000000000e+00	0.000000000000e+00	0.000000000000e+00	0.000000000000e+00	0.000000000000e+00	0.000000000000e+00	0.000000000000e+00	0.000000000000e+00
1.670000000000e+01	-2.235644102434e+00	5.098006789426e+00	-3.340000000000e+01	1.000000000000e+00	0.000000000000e+00	0.000000000000e+00	0.000000000000e+00	0.000000000000e+00	0.000000000000e+00	0.000000000000e+00	0.000000000000e+00	0.000000000000e+00	0.000000000000e+00
1.680000000000e+01	-3.223082677928e+00	4.579491025348e+00	-3.360000000000e+01	1.000000000000e+00	0.000000000000e+00	0.000000000000e+00	0.000000000000e+00	0.000000000000e+00	0.000000000000e+00	0.000000000000e+00	0.000000000000e+00	0.000000000000e+00	0.000000000000e+00
1.690000000000e+01	-4.092858123046e+00	3.870782456953e+00	-3.380000000000e+01	1.000000000000e+00	0.000000000000e+00	0.000000000000e+00	0.000000000000e+00	0.000000000000e+00	0.000000000000e+00	0.000000000000e+00	0.000000000000e+00	0.000000000000e+00	0.000000000000e+00
1.700000000000e+01	-4.808564890446e+00	2.998135221347e+00	-3.400000000000e+01	1.000000000000e+00	0.000000000000e+00	0.000000000000e+00	0.000000000000e+00	0.000000000000e+00	0.000000000000e+00	0.000000000000e+00	0.000000000000e+00	0.000000000000e+00	0.000000000000e+00
1.710000000000e+01	-5.339576850180e+00	1.994722803053e+00	-3.420000000000e+01	1.000000000000e+00	0.000000000000e+00	0.000000000000e+00	0.000000000000e+00	0.000000000000e+00	0.000000000000e+00	0.000000000000e+00	0.000000000000e+00	0.000000000000e+00	0.000000000000e+00
1.720000000000e+01	-5.662351704526e+00	8.993799449442e-01	-3.440000000000e+01	1.000000000000e+00	0.000000000000e+00	0.000000000000e+00	0.000000000000e+00	0.000000000000e+00	0.000000000000e+00	0.000000000000e+00	0.000000000000e+00	0.000000000000e+00	0.000000000000e+00
1.730000000000e+01	-5.761464130249e+00	-2.448990002011e-01	-3.460000000000e+01	1.000000000000e+00	0.000000000000e+00	0.000000000000e+00	0.000000000000e+00	0.000000000000e+00	0.000000000000e+00	0.000000000000e+00	0.000000000000e+00	0.000000000000e+00	0.000000000000e+00
1.740000000000e+01	-5.630322689382e+00	-1.392647268132e+00	-3.480000000000e+01	1.000000000000e+00	0.000000000000e+00	0.000000000000e+00	0.000000000000e+00	0.000000000000e+00	0.000000000000e+00	0.000000000000e+00	0.000000000000e+00	0.000000000000e+00	0.000000000000e+00
1.750000000000e+01	-5.271537863034e+00	-2.497732238728e+00	-3.500000000000e+01	1.000000000000e+00	0.000000000000e+00	0.000000000000e+00	0.000000000000e+00	0.000000000000e+00	0.000000000000e+00	0.000000000000e+00	0.000000000000e+00	0.000000000000e+00	0.000000000000e+00
1.760000000000e+01	-4.696922339759e+00	-3.515209568724e+00	-3.520000000000e+01	1.000000000000e+00	0.000000000000e+00	0.000000000000e+00	0.000000000000e+00	0.000000000000e+00	0.000000000000e+00	0.000000000000e+00	0.000000000000e+00	0.000000000000e+00	0.000000000000e+00
1.770000000000e+01	-3.927119386469e+00	-4.403150386305e+00	-3.540000000000e+01	1.000000000000e+00	0.000000000000e+00	0.000000000000e+00	0.000000000000e+00	0.000000000000e+00	0.000000000000e+00	0.000000000000e+00	0.000000000000e+00	0.000000000000e+00	0.000000000000e+00
1.780000000000e+01	-2.990870158574e+00	-5.124367291578e+00	-3.560000000000e+01	1.000000000000e+00	0.000000000000e+00	0.000000000000e+00	0.000000000000e+00	0.000000000000e+00	0.000000000000e+00	0.000000000000e+00	0.000000000000e+00	0.000000000000e+00	0.000000000000e+00
1.790000000000e+01	-1.923945559731e+00	-5.647968182834e+00	-3.580000000000e+01	1.000000000000e+00	0.000000000000e+00	0.000000000000e+00	0.000000000000e+00	0.000000000000e+00	0.000000000000e+00	0.000000000000e+00	0.000000000000e+00	0.000000000000e+00	0.000000000000e+00
1.800000000000e+01	-7.677821377644e-01	-5.950673120659e+00	-3.600000000000e+01	1.000000000000e+00	0.000000000000e+00	0.000000000000e+00	0.000000000000e+00	0.000000000000e+00	0.000000000000e+00	0.000000000000e+00	0.000000000000e+00	0.000000000000e+00	0.000000000000e+00
1.810000000000e+01	4.321260712327e-01	-6.017838330304e+00	-3.620000000000e+01	1.000000000000e+00	0.000000000000e+00	0.000000000000e+00	0.000000000000e+00	0.000000000000e+00	0.000000000000e+00	0.000000000000e+00	0.000000000000e+00	0.000000000000e+00	0.000000000000e+00
1.820000000000e+01	1.628017384206e+00	-5.844142695141e+00	-3.640000000000e+01	1.000000000000e+00	0.000000000000e+00	0.000000000000e+00	0.000000000000e+00	0.000000000000e+00	0.000000000000e+00	0.000000000000e+00	0.000000000000e+00	0.000000000000e+00	0.000000000000e+00
1.830000000000e+01	2.771763593866e+00	-5.433905278869e+00	-3.660000000000e+01	1.000000000000e+00	0.000000000000e+00	0.000000000000e+00	0.000000000000e+00	0.000000000000e+00	0.000000000000e+00	0.000000000000e+00	0.000000000000e+00	0.000000000000e+00	0.000000000000e+00
1.840000000000e+01	3.816806700056e+00	-4.801017016444e+00	-3.680000000000e+01	1.000000000000e+00	0.000000000000e+00	0.000000000000e+00	0.000000000000e+00	0.000000000000e+00	0.000000000000e+00	0.000000000000e+00	0.000000000000e+00	0.000000000000e+00	0.000000000000e+00
1.850000000000e+01	4.720053320330e+00	-3.968485155701e+00	-3.700000000000e+01	1.000000000000e+00	0.000000000000e+00	0.000000000000e+00	0.000000000000e+00	0.000000000000e+00	0.000000000000e+00	0.000000000000e+00	0.000000000000e+00	0.000000000000e+00	0.000000000000e+00
1.860000000000e+01	5.443649729064e+00	-2.967604695248e+00	-3.720000000000e+01	1.000000000000e+00	0.000000000000e+00	0.000000000000e+00	0.000000000000e+00	0.000000000000e+00	0.000000000000e+00	0.000000000000e+00	0.000000000000e+00	0.000000000000e+00	0.000000000000e+00
1.870000000000e+01	5.956564485820e+00	-1.836786316018e+00	-3.740000000000e+01	1.000000000000e+00	0.000000000000e+00	0.000000000000e+00	0.000000000000e+00	0.000000000000e+00	0.000000000000e+00	0.000000000000e+00	0.000000000000e+00	0.000000000000e+00	0.000000000000e+00
1.880000000000e+01	6.235912627544e+00	-6.200845206485e-01	-3.760000000000e+01	1.000000000000e+00	0.000000000000e+00	0.000000000000e+00	0.000000000000e+00	0.000000000000e+00	0.000000000000e+00	0.000000000000e+00	0.000000000000e+00	0.000000000000e+00	0.000000000000e+00
1.890000000000e+01	6.267965162185e+00	6.345177110528e-01	-3.780000000000e+01	1.000000000000e+00	0.000000000000e+00	0.000000000000e+00	0.000000000000e+00	0.000000000000e+00	0.000000000000e+00	0.000000000000e+00	0.000000000000e+00	0.000000000000e+00	0.000000000000e+00
1.900000000000e+01	6.048799745633e+00	1.877000998493e+00	-3.800000000000e+01	1.000000000000e+00	0.000000000000e+00	0.000000000000e+00	0.000000000000e+00	0.000000000000e+00	0.000000000000e+00	0.000000000000e+00	0.000000000000e+00	0.000000000000e+00	0.000000000000e+00
1.910000000000e+01	5.584562481501e+00	3.057303768790e+00	-3.820000000000e+01	1.000000000000e+00	0.000000000000e+00	0.000000000000e+00	0.000000000000e+00	0.000000000000e+00	0.000000000000e+00	0.000000000000e+00	0.000000000000e+00	0.000000000000e+00	0.000000000000e+00
1.920000000000e+01	4.891326203512e+00	4.127339090847e+00	-3.840000000000e+01	1.000000000000e+00	0.000000000000e+00	0.000000000000e+00	0.000000000000e+00	0.000000000000e+00	0.000000000000e+00	0.000000000000e+00	0.000000000000e+00	0.000000000000e+00	0.000000000000e+00
1.930000000000e+01	3.994546771771e+00	5.042952891502e+00	-3.860000000000e+01	1.000000000000e+00	0.000000000000e+00	0.000000000000e+00	0.000000000000e+00	0.000000000000e+00	0.000000000000e+00	0.000000000000e+00	0.000000000000e+00	0.000000000000e+00	0.000000000000e+00
1.940000000000e+01	2.928135188805e+00	5.765743845668e+00	-3.880000000000e+01	1.000000000000e+00	0.000000000000e+00	0.000000000000e+00	0.000000000000e+00	0.000000000000e+00	0.000000000000e+00	0.000000000000e+00	0.000000000000e+00	0.000000000000e+00	0.000000000000e+00
1.950000000000e+01	1.733179060340e+00	6.264670010847e+00	-3.900000000000e+01	1.000000000000e+00	0.000000000000e+00	0.000000000000e+00	0.000000000000e+00	0.000000000000e+00	0.000000000000e+00	0.000000000000e+00	0.000000000000e+00	0.000000000000e+00	0.000000000000e+00
1.960000000000e+01	4.563614464732e-01	6.517375136864e+00	-3.920000000000e+01	1.000000000000e+00	0.000000000000e+00	0.000000000000e+00	0.000000000000e+00	0.000000000000e+00	0.000000000000e+00	0.000000000000e+00	0.000000000000e+00	0.000000000000e+00	0.000000000000e+00
1.970000000000e+01	-8.518621291218e-01	6.511178236240e+00	-3.940000000000e+01	1.000000000000e+00	0.000000000000e+00	0.000000000000e+00	0.000000000000e+00	0.000000000000e+00	0.000000000000e+00	0.000000000000e+00	0.000000000000e+00	0.000000000000e+00	0.000000000000e+00
1.980000000000e+01	-2.139257354636e+00	6.243683045338e+00	-3.960000000000e+01	1.000000000000e+00	0.000000000000e+00	0.000000000000e+00	0.000000000000e+00	0.000000000000e+00	0.000000000000e+00	0.000000000000e+00	0.000000000000e+00	0.000000000000e+00	0.000000000000e+00
1.990000000000e+01	-3.353896719352e+00	5.722978936448e+00	-3.980000000000e+01	1.000000000000e+00	0.000000000000e+00	0.000000000000e+00	0.000000000000e+00	0.000000000000e+00	0.000000000000e+00	0.000000000000e+00	0.000000000000e+00	0.000000000000e+00	0.000000000000e+00
2.000000000000e+01	-4.446253744348e+00	4.967421069862e+00	-4.000000000000e+01	1.000000000000e+00	0.000000000000e+00	0.000000000000e+00	0.000000000000e+00	0.000000000000e+00	0.000000000000e+00	0.000000000000e+00	0.000000000000e+00	0.000000000000e+00	0.000000000000e+00
